eye 10 500 200
look 0 0 0
up 0 1 0
d 16
bounds -6 -3 6 3
res 4096 2048
recursionLevel 6
ambient 0.2 0.5 0.2
light 300 100 0 1 0.7 0.7 0.7
light 0 100 300 1 0.7 0.7 0.7
light 100 300 100 1 0.7 0.7 0.7

sphere 15.000 65 0.000 3.500000 0.6375 0.0 0.0 0.6375 0.0 0.0 0.5 0.5 0.9 0.9 0.9 0.8 0.8 0.8 32 1.0
sphere 13.703 65 6.101 3.500000 0.6375 0.2390625 0.0 0.6375 0.2390625 0.0 0.5 0.5 0.5 0.9 0.9 0.9 0.8 0.8 0.8 32 1.0
sphere 10.037 65 11.147 3.500000 0.6375 0.478125 0.0 0.6375 0.478125 0.0 0.5 0.5 0.5 0.9 0.9 0.9 0.8 0.8 0.8 32 1.0
sphere 4.635 65 14.266 3.500000 0.5578125 0.6375 0.0 0.5578125 0.6375 0.0 0.5 0.5 0.5 0.9 0.9 0.9 0.8 0.8 0.8 32 1.0
sphere -1.568 65 14.918 3.500000 0.31875 0.6375 0.0 0.31875 0.6375 0.0 0.5 0.5 0.5 0.9 0.9 0.9 0.8 0.8 0.8 32 1.0
sphere -7.500 65 12.990 3.500000 0.0796875 0.6375 0.0 0.0796875 0.6375 0.0 0.5 0.5 0.5 0.9 0.9 0.9 0.8 0.8 0.8 32 1.0
sphere -12.135 65 8.817 3.500000 0.0 0.6375 0.159375 0.0 0.6375 0.159375 0.5 0.5 0.5 0.9 0.9 0.9 0.8 0.8 0.8 32 1.0
sphere -14.672 65 3.119 3.500000 0.0 0.6375 0.3984375 0.0 0.6375 0.3984375 0.5 0.5 0.5 0.9 0.9 0.9 0.8 0.8 0.8 32 1.0
sphere -14.672 65 -3.119 3.500000 0.0 0.6375 0.6375 0.0 0.6375 0.6375 0.5 0.5 0.5 0.9 0.9 0.9 0.8 0.8 0.8 32 1.0
sphere -12.135 65 -8.817 3.500000 0.0 0.3984375 0.6375 0.0 0.3984375 0.6375 0.5 0.5 0.5 0.9 0.9 0.9 0.8 0.8 0.8 32 1.0
sphere -7.500 65 -12.990 3.500000 0.0 0.159375 0.6375 0.0 0.159375 0.6375 0.5 0.5 0.5 0.9 0.9 0.9 0.8 0.8 0.8 32 1.0
sphere -1.568 65 -14.918 3.500000 0.0796875 0.0 0.6375 0.0796875 0.0 0.6375 0.5 0.5 0.5 0.9 0.9 0.9 0.8 0.8 0.8 32 1.0
sphere 4.635 65 -14.266 3.500000 0.31875 0.0 0.6375 0.31875 0.0 0.6375 0.5 0.5 0.5 0.9 0.9 0.9 0.8 0.8 0.8 32 1.0
sphere 10.037 65 -11.147 3.500000 0.5578125 0.0 0.6375 0.5578125 0.0 0.6375 0.5 0.5 0.5 0.9 0.9 0.9 0.8 0.8 0.8 32 1.0
sphere 13.703 65 -6.101 3.500000 0.6375 0.0 0.478125 0.6375 0.0 0.478125 0.5 0.5 0.5 0.9 0.9 0.9 0.8 0.8 0.8 32 1.0

# 4 20 20 55
sphere 20.000 35 0.000 4.000000 0.6375 0.0 0.0 0.6375 0.0 0.0 0.5 0.5 0.9 0.9 0.9 1.0 1.0 1.0 32 1.0
sphere 18.271 35 8.135 4.000000 0.6375 0.2390625 0.0 0.6375 0.2390625 0.0 0.5 0.5 0.5 0.9 0.9 0.9 1.0 1.0 1.0 32 1.0
sphere 13.383 35 14.863 4.000000 0.6375 0.478125 0.0 0.6375 0.478125 0.0 0.5 0.5 0.5 0.9 0.9 0.9 1.0 1.0 1.0 32 1.0
sphere 6.180 35 19.021 4.000000 0.5578125 0.6375 0.0 0.5578125 0.6375 0.0 0.5 0.5 0.5 0.9 0.9 0.9 1.0 1.0 1.0 32 1.0
sphere -2.091 35 19.890 4.000000 0.31875 0.6375 0.0 0.31875 0.6375 0.0 0.5 0.5 0.5 0.9 0.9 0.9 1.0 1.0 1.0 32 1.0
sphere -10.000 35 17.321 4.000000 0.0796875 0.6375 0.0 0.0796875 0.6375 0.0 0.5 0.5 0.5 0.9 0.9 0.9 1.0 1.0 1.0 32 1.0
sphere -16.180 35 11.756 4.000000 0.0 0.6375 0.159375 0.0 0.6375 0.159375 0.5 0.5 0.5 0.9 0.9 0.9 1.0 1.0 1.0 32 1.0
sphere -19.563 35 4.158 4.000000 0.0 0.6375 0.3984375 0.0 0.6375 0.3984375 0.5 0.5 0.5 0.9 0.9 0.9 1.0 1.0 1.0 32 1.0
sphere -19.563 35 -4.158 4.000000 0.0 0.6375 0.6375 0.0 0.6375 0.6375 0.5 0.5 0.5 0.9 0.9 0.9 1.0 1.0 1.0 32 1.0
sphere -16.180 35 -11.756 4.000000 0.0 0.3984375 0.6375 0.0 0.3984375 0.6375 0.5 0.5 0.5 0.9 0.9 0.9 1.0 1.0 1.0 32 1.0
sphere -10.000 35 -17.321 4.000000 0.0 0.159375 0.6375 0.0 0.159375 0.6375 0.5 0.5 0.5 0.9 0.9 0.9 1.0 1.0 1.0 32 1.0
sphere -2.091 35 -19.890 4.000000 0.0796875 0.0 0.6375 0.0796875 0.0 0.6375 0.5 0.5 0.5 0.9 0.9 0.9 1.0 1.0 1.0 32 1.0
sphere 6.180 35 -19.021 4.000000 0.31875 0.0 0.6375 0.31875 0.0 0.6375 0.5 0.5 0.5 0.9 0.9 0.9 1.0 1.0 1.0 32 1.0
sphere 13.383 35 -14.863 4.000000 0.5578125 0.0 0.6375 0.5578125 0.0 0.6375 0.5 0.5 0.5 0.9 0.9 0.9 1.0 1.0 1.0 32 1.0
sphere 18.271 35 -8.135 4.000000 0.6375 0.0 0.478125 0.6375 0.0 0.478125 0.5 0.5 0.5 0.9 0.9 0.9 1.0 1.0 1.0 32 1.0

# 5.5 30 30 50
sphere 30.000 40 0.000 7.500000 0.6375 0.0 0.0 0.6375 0.0 0.0 0.5 0.5 0.9 0.9 0.9 1.0 1.0 1.0 32 1.0
sphere 27.406 40 12.202 7.500000 0.6375 0.2390625 0.0 0.6375 0.2390625 0.0 0.5 0.5 0.5 0.9 0.9 0.9 1.0 1.0 1.0 32 1.0
sphere 20.074 40 22.294 7.500000 0.6375 0.478125 0.0 0.6375 0.478125 0.0 0.5 0.5 0.5 0.9 0.9 0.9 1.0 1.0 1.0 32 1.0
sphere 9.271 40 28.532 7.500000 0.5578125 0.6375 0.0 0.5578125 0.6375 0.0 0.5 0.5 0.5 0.9 0.9 0.9 1.0 1.0 1.0 32 1.0
sphere -3.136 40 29.836 7.500000 0.31875 0.6375 0.0 0.31875 0.6375 0.0 0.5 0.5 0.5 0.9 0.9 0.9 1.0 1.0 1.0 32 1.0
sphere -15.000 40 25.981 7.500000 0.0796875 0.6375 0.0 0.0796875 0.6375 0.0 0.5 0.5 0.5 0.9 0.9 0.9 1.0 1.0 1.0 32 1.0
sphere -24.271 40 17.634 7.500000 0.0 0.6375 0.159375 0.0 0.6375 0.159375 0.5 0.5 0.5 0.9 0.9 0.9 1.0 1.0 1.0 32 1.0
sphere -29.344 40 6.237 7.500000 0.0 0.6375 0.3984375 0.0 0.6375 0.3984375 0.5 0.5 0.5 0.9 0.9 0.9 1.0 1.0 1.0 32 1.0
sphere -29.344 40 -6.237 7.500000 0.0 0.6375 0.6375 0.0 0.6375 0.6375 0.5 0.5 0.5 0.9 0.9 0.9 1.0 1.0 1.0 32 1.0
sphere -24.271 40 -17.634 7.500000 0.0 0.3984375 0.6375 0.0 0.3984375 0.6375 0.5 0.5 0.5 0.9 0.9 0.9 1.0 1.0 1.0 32 1.0
sphere -15.000 40 -25.981 7.500000 0.0 0.159375 0.6375 0.0 0.159375 0.6375 0.5 0.5 0.5 0.9 0.9 0.9 1.0 1.0 1.0 32 1.0
sphere -3.136 40 -29.836 7.500000 0.0796875 0.0 0.6375 0.0796875 0.0 0.6375 0.5 0.5 0.5 0.9 0.9 0.9 1.0 1.0 1.0 32 1.0
sphere 9.271 40 -28.532 7.500000 0.31875 0.0 0.6375 0.31875 0.0 0.6375 0.5 0.5 0.5 0.9 0.9 0.9 1.0 1.0 1.0 32 1.0
sphere 20.074 40 -22.294 7.500000 0.5578125 0.0 0.6375 0.5578125 0.0 0.6375 0.5 0.5 0.5 0.9 0.9 0.9 1.0 1.0 1.0 32 1.0
sphere 27.406 40 -12.202 7.500000 0.6375 0.0 0.478125 0.6375 0.0 0.478125 0.5 0.5 0.5 0.9 0.9 0.9 1.0 1.0 1.0 32 1.0
# 7 40 40 45
sphere 40.000 45 0.000 8.000000 0.6375 0.0 0.0 0.6375 0.0 0.0 0.5 0.5 0.9 0.9 0.9 1.0 1.0 1.0 32 1.0
sphere 36.542 45 16.269 8.000000 0.6375 0.0 0.0 0.6375 0.0 0.0 0.5 0.5 0.5 0.9 0.9 0.9 1.0 1.0 1.0 32 1.0
sphere 26.765 45 29.726 8.000000 0.6375 0.478125 0.0 0.6375 0.478125 0.0 0.5 0.5 0.5 0.9 0.9 0.9 1.0 1.0 1.0 32 1.0
sphere 12.361 45 38.042 8.000000 0.5578125 0.6375 0.0 0.5578125 0.6375 0.0 0.5 0.5 0.5 0.9 0.9 0.9 1.0 1.0 1.0 32 1.0
sphere -4.181 45 39.781 8.000000 0.31875 0.6375 0.0 0.31875 0.6375 0.0 0.5 0.5 0.5 0.9 0.9 0.9 1.0 1.0 1.0 32 1.0
sphere -20.000 45 34.641 8.000000 0.0796875 0.6375 0.0 0.0796875 0.6375 0.0 0.5 0.5 0.5 0.9 0.9 0.9 1.0 1.0 1.0 32 1.0
sphere -32.361 45 23.511 8.000000 0.0 0.6375 0.159375 0.0 0.6375 0.159375 0.5 0.5 0.5 0.9 0.9 0.9 1.0 1.0 1.0 32 1.0
sphere -39.126 45 8.316 8.000000 0.0 0.6375 0.3984375 0.0 0.6375 0.3984375 0.5 0.5 0.5 0.9 0.9 0.9 1.0 1.0 1.0 32 1.0
sphere -39.126 45 -8.316 8.000000 0.0 0.6375 0.6375 0.0 0.6375 0.6375 0.5 0.5 0.5 0.9 0.9 0.9 1.0 1.0 1.0 32 1.0
sphere -32.361 45 -23.511 8.000000 0.0 0.3984375 0.6375 0.0 0.3984375 0.6375 0.5 0.5 0.5 0.9 0.9 0.9 1.0 1.0 1.0 32 1.0
sphere -20.000 45 -34.641 8.000000 0.0 0.159375 0.6375 0.0 0.159375 0.6375 0.5 0.5 0.5 0.9 0.9 0.9 1.0 1.0 1.0 32 1.0
sphere -4.181 45 -39.781 8.000000 0.0796875 0.0 0.6375 0.0796875 0.0 0.6375 0.5 0.5 0.5 0.9 0.9 0.9 1.0 1.0 1.0 32 1.0
sphere 12.361 45 -38.042 8.000000 0.31875 0.0 0.6375 0.31875 0.0 0.6375 0.5 0.5 0.5 0.9 0.9 0.9 1.0 1.0 1.0 32 1.0
sphere 26.765 45 -29.726 8.000000 0.5578125 0.0 0.6375 0.5578125 0.0 0.6375 0.5 0.5 0.5 0.9 0.9 0.9 1.0 1.0 1.0 32 1.0
sphere 36.542 45 -16.269 8.000000 0.6375 0.0 0.478125 0.6375 0.0 0.478125 0.5 0.5 0.5 0.9 0.9 0.9 1.0 1.0 1.0 32 1.0
# 8.5 50 50 40
sphere 50.000 40 0.000 9.500000 0.6375 0.0 0.0 0.6375 0.0 0.0 0.5 0.5 0.9 0.9 0.9 1.0 1.0 1.0 32 1.0
sphere 45.677 40 20.337 9.500000 0.6375 0.2390625 0.0 0.6375 0.2390625 0.0 0.5 0.5 0.5 0.9 0.9 0.9 1.0 1.0 1.0 32 1.0
sphere 33.457 40 37.157 9.500000 0.6375 0.478125 0.0 0.6375 0.478125 0.0 0.5 0.5 0.5 0.9 0.9 0.9 1.0 1.0 1.0 32 1.0
sphere 15.451 40 47.553 9.500000 0.5578125 0.6375 0.0 0.5578125 0.6375 0.0 0.5 0.5 0.5 0.9 0.9 0.9 1.0 1.0 1.0 32 1.0
sphere -5.226 40 49.726 9.500000 0.31875 0.6375 0.0 0.31875 0.6375 0.0 0.5 0.5 0.5 0.9 0.9 0.9 1.0 1.0 1.0 32 1.0
sphere -25.000 40 43.301 9.500000 0.0796875 0.6375 0.0 0.0796875 0.6375 0.0 0.5 0.5 0.5 0.9 0.9 0.9 1.0 1.0 1.0 32 1.0
sphere -40.451 40 29.389 9.500000 0.0 0.6375 0.159375 0.0 0.6375 0.159375 0.5 0.5 0.5 0.9 0.9 0.9 1.0 1.0 1.0 32 1.0
sphere -48.907 40 10.396 9.500000 0.0 0.6375 0.3984375 0.0 0.6375 0.3984375 0.5 0.5 0.5 0.9 0.9 0.9 1.0 1.0 1.0 32 1.0
sphere -48.907 40 -10.396 9.500000 0.0 0.6375 0.6375 0.0 0.6375 0.6375 0.5 0.5 0.5 0.9 0.9 0.9 1.0 1.0 1.0 32 1.0
sphere -40.451 40 -29.389 9.500000 0.0 0.3984375 0.6375 0.0 0.3984375 0.6375 0.5 0.5 0.5 0.9 0.9 0.9 1.0 1.0 1.0 32 1.0
sphere -25.000 40 -43.301 9.500000 0.0 0.159375 0.6375 0.0 0.159375 0.6375 0.5 0.5 0.5 0.9 0.9 0.9 1.0 1.0 1.0 32 1.0
sphere -5.226 40 -49.726 9.500000 0.0796875 0.0 0.6375 0.0796875 0.0 0.6375 0.5 0.5 0.5 0.9 0.9 0.9 1.0 1.0 1.0 32 1.0
sphere 15.451 40 -47.553 9.500000 0.31875 0.0 0.6375 0.31875 0.0 0.6375 0.5 0.5 0.5 0.9 0.9 0.9 1.0 1.0 1.0 32 1.0
sphere 33.457 40 -37.157 9.500000 0.5578125 0.0 0.6375 0.5578125 0.0 0.6375 0.5 0.5 0.5 0.9 0.9 0.9 1.0 1.0 1.0 32 1.0
sphere 45.677 40 -20.337 9.500000 0.6375 0.0 0.478125 0.6375 0.0 0.478125 0.5 0.5 0.5 0.9 0.9 0.9 1.0 1.0 1.0 32 1.0
# 10 60 60 35
sphere 60.000 35 0.000 12.000000 0.6375 0.0 0.0 0.6375 0.0 0.0 0.5 0.5 0.9 0.9 0.9 0.8 0.8 0.8 32 1.0
sphere 54.813 35 24.404 12.000000 0.6375 0.2390625 0.0 0.6375 0.2390625 0.0 0.5 0.5 0.5 0.9 0.9 0.9 0.8 0.8 0.8 32 1.0
sphere 40.148 35 44.589 12.000000 0.6375 0.478125 0.0 0.6375 0.478125 0.0 0.5 0.5 0.5 0.9 0.9 0.9 0.8 0.8 0.8 32 1.0
sphere 18.541 35 57.063 12.000000 0.5578125 0.6375 0.0 0.5578125 0.6375 0.0 0.5 0.5 0.5 0.9 0.9 0.9 0.8 0.8 0.8 32 1.0
sphere -6.272 35 59.671 12.000000 0.31875 0.6375 0.0 0.31875 0.6375 0.0 0.5 0.5 0.5 0.9 0.9 0.9 0.8 0.8 0.8 32 1.0
sphere -30.000 35 51.962 12.000000 0.0796875 0.6375 0.0 0.0796875 0.6375 0.0 0.5 0.5 0.5 0.9 0.9 0.9 0.8 0.8 0.8 32 1.0
sphere -48.541 35 35.267 12.000000 0.0 0.6375 0.159375 0.0 0.6375 0.159375 0.5 0.5 0.5 0.9 0.9 0.9 0.8 0.8 0.8 32 1.0
sphere -58.689 35 12.475 12.000000 0.0 0.6375 0.3984375 0.0 0.6375 0.3984375 0.5 0.5 0.5 0.9 0.9 0.9 0.8 0.8 0.8 32 1.0
sphere -58.689 35 -12.475 12.000000 0.0 0.6375 0.6375 0.0 0.6375 0.6375 0.5 0.5 0.5 0.9 0.9 0.9 0.8 0.8 0.8 32 1.0
sphere -48.541 35 -35.267 12.000000 0.0 0.3984375 0.6375 0.0 0.3984375 0.6375 0.5 0.5 0.5 0.9 0.9 0.9 0.8 0.8 0.8 32 1.0
sphere -30.000 35 -51.962 12.000000 0.0 0.159375 0.6375 0.0 0.159375 0.6375 0.5 0.5 0.5 0.9 0.9 0.9 0.8 0.8 0.8 32 1.0
sphere -6.272 35 -59.671 12.000000 0.0796875 0.0 0.6375 0.0796875 0.0 0.6375 0.5 0.5 0.5 0.9 0.9 0.9 0.8 0.8 0.8 32 1.0
sphere 18.541 35 -57.063 12.000000 0.31875 0.0 0.6375 0.31875 0.0 0.6375 0.5 0.5 0.5 0.9 0.9 0.9 0.8 0.8 0.8 32 1.0
sphere 40.148 35 -44.589 12.000000 0.5578125 0.0 0.6375 0.5578125 0.0 0.6375 0.5 0.5 0.5 0.9 0.9 0.9 0.8 0.8 0.8 32 1.0
sphere 54.813 35 -24.404 12.000000 0.6375 0.0 0.478125 0.6375 0.0 0.478125 0.5 0.5 0.5 0.9 0.9 0.9 0.8 0.8 0.8 32 1.0

sphere 0 50 0 18.000000 0.75 0.75 0.75 1.0 1.0 1.0 1.0 1.0 1.0 0.9 0.9 0.9 0.2 0.2 0.2 64 3.02
model 90 1 0 0 10 0 0 0 smooth bottom.obj
eta_outside 1.0