eye 50 80 100
look 50 50 36
up 0 1 0
d 5
bounds -3.0 -1.5 3.0 1.5
res 1024 512
recursionLevel 6
ambient 0.2 0.2 0.2
light 10 10 100 1 1.0 1.0 1.0
light 90 90 100 1 1.0 1.0 1.0
sphere 50 50 30 18 0.75 0.75 0.75 1.0 1.0 1.0 1.0 1.0 1.0 0.9 0.9 0.9 0.2 0.2 0.2 64 3.02
sphere 50 50 0 3 0.6375 0.0 0.0 0.6375 0.0 0.0 0.5 0.5 0.5 0.9 0.9 0.9 1.0 1.0 1.0 32 1.0
sphere 39 50 2 3 0.6375 0.2390625 0.0 0.6375 0.2390625 0.0 0.5 0.5 0.5 0.9 0.9 0.9 1.0 1.0 1.0 32 1.0
sphere 29 50 9 3 0.6375 0.478125 0.0 0.6375 0.478125 0.0 0.5 0.5 0.5 0.9 0.9 0.9 1.0 1.0 1.0 32 1.0
sphere 22 50 19 3 0.5578125 0.6375 0.0 0.5578125 0.6375 0.0 0.5 0.5 0.5 0.9 0.9 0.9 1.0 1.0 1.0 32 1.0
sphere 20 50 30 3 0.31875 0.6375 0.0 0.31875 0.6375 0.0 0.5 0.5 0.5 0.9 0.9 0.9 1.0 1.0 1.0 32 1.0
sphere 22 50 41 3 0.0796875 0.6375 0.0 0.0796875 0.6375 0.0 0.5 0.5 0.5 0.9 0.9 0.9 1.0 1.0 1.0 32 1.0
sphere 29 50 51 3 0.0 0.6375 0.159375 0.0 0.6375 0.159375 0.5 0.5 0.5 0.9 0.9 0.9 1.0 1.0 1.0 32 1.0
sphere 39 50 58 3 0.0 0.6375 0.3984375 0.0 0.6375 0.3984375 0.5 0.5 0.5 0.9 0.9 0.9 1.0 1.0 1.0 32 1.0
sphere 50 50 60 3 0.0 0.6375 0.6375 0.0 0.6375 0.6375 0.5 0.5 0.5 0.9 0.9 0.9 1.0 1.0 1.0 32 1.0
sphere 61 50 58 3 0.0 0.3984375 0.6375 0.0 0.3984375 0.6375 0.5 0.5 0.5 0.9 0.9 0.9 1.0 1.0 1.0 32 1.0
sphere 71 50 51 3 0.0 0.159375 0.6375 0.0 0.159375 0.6375 0.5 0.5 0.5 0.9 0.9 0.9 1.0 1.0 1.0 32 1.0
sphere 78 50 41 3 0.0796875 0.0 0.6375 0.0796875 0.0 0.6375 0.5 0.5 0.5 0.9 0.9 0.9 1.0 1.0 1.0 32 1.0
sphere 80 50 30 3 0.31875 0.0 0.6375 0.31875 0.0 0.6375 0.5 0.5 0.5 0.9 0.9 0.9 1.0 1.0 1.0 32 1.0
sphere 78 50 19 3 0.5578125 0.0 0.6375 0.5578125 0.0 0.6375 0.5 0.5 0.5 0.9 0.9 0.9 1.0 1.0 1.0 32 1.0
sphere 71 50 9 3 0.6375 0.0 0.478125 0.6375 0.0 0.478125 0.5 0.5 0.5 0.9 0.9 0.9 1.0 1.0 1.0 32 1.0
sphere 61 50 2 3 0.6375 0.0 0.2390625 0.6375 0.0 0.2390625 0.5 0.5 0.5 0.9 0.9 0.9 1.0 1.0 1.0 32 1.0
eta_outside 1.0
